249.728028,33.926898,280.421258/0.154191,-0.761279,-0.629825/0.797434,0.472255,-0.375598/0.583373,-0.44433,0.679888
91.881415,254.524193,597.980124/0.961078,0.264031,0.081344/-0.211142,0.891823,-0.400087/-0.17818,0.36734,0.91286
107.525648,249.365362,0.0/0.146307,-0.039369,0.988455/0.728239,0.680558,-0.080685/-0.669524,0.731636,0.128241
247.164443,6.454696,560.961925/0.464156,0.542094,0.700495/-0.282876,-0.658711,0.697195/0.839369,-0.52176,-0.152399
58.446569,223.824998,322.599073/-0.773643,-0.226507,0.591752/-0.118974,0.969239,0.215456/-0.622352,0.096283,-0.776793
208.479658,13.225051,0.0/-0.410241,0.816079,-0.407084/0.849175,0.179042,-0.496835/-0.332572,-0.549508,-0.766444
244.044932,254.524193,431.504237/-0.109819,-0.695995,-0.709599/0.717585,0.438474,-0.541122/0.687758,-0.568623,0.451283
58.446569,45.125009,455.340047/-0.941075,-0.149247,-0.303485/-0.316157,0.069579,0.946152/-0.120094,0.986349,-0.112665
58.446569,91.813803,152.290195/0.353168,-0.745096,0.565778/-0.336894,0.462893,0.819898/-0.872797,-0.480168,-0.087539
249.728028,143.697877,125.927476/0.207273,0.657266,0.724596/-0.446106,0.722691,-0.527927/-0.870648,-0.213821,0.443005
249.728028,177.643826,588.363389/-0.692581,-0.152962,-0.704936/-0.111266,0.988216,-0.105115/0.712707,0.005634,-0.701439
74.885969,113.872196,0.0/-0.473702,-0.512729,-0.716042/-0.307124,-0.665833,0.679956/-0.825398,0.54201,0.157936
95.585269,69.618765,600.460054/0.4189,0.807551,-0.415192/0.025712,-0.467609,-0.883561/-0.907668,0.359449,-0.216645
80.401212,254.524193,178.264199/-0.430158,0.087483,0.898505/-0.902504,-0.065058,-0.425739/0.02121,-0.994039,0.106939
58.446569,23.454589,310.772115/-0.109827,-0.534524,-0.837987/0.967517,-0.250635,0.033068/-0.227704,-0.807134,0.544688
221.412874,172.666526,0.0/-0.478281,-0.318831,0.818288/0.736475,0.361946,0.571488/-0.478384,0.87598,0.061699
249.728028,113.145773,432.20764/0.868729,0.442699,-0.222096/0.149368,0.193369,0.96969/0.472227,-0.875572,0.10186
207.542382,254.524193,237.081391/-0.681061,-0.468178,0.562997/0.424816,0.373609,0.824589/-0.596395,0.800766,-0.055561
197.507341,6.454696,107.195176/-0.791881,0.035403,0.609648/0.328201,-0.817212,0.473761/0.514984,0.57525,0.635515
58.446569,221.12146,443.931364/-0.035024,0.999053,0.025801/-0.662275,-0.003868,-0.749251/-0.748442,-0.043329,0.661784
181.579125,6.454696,422.439759/0.587239,-0.801556,-0.112512/-0.169748,-0.257872,0.951151/-0.791414,-0.539454,-0.287495
89.081651,6.454696,29.137261/-0.845371,-0.441071,-0.301337/0.318806,-0.869221,0.377912/-0.428614,0.223408,0.875431
105.422292,6.454696,203.022196/0.367684,-0.854506,0.366916/0.598675,0.519421,0.609745/-0.711615,-0.00453,0.702555
249.728028,133.343166,323.299071/0.09192,0.213059,-0.972706/0.873573,0.451596,0.181469/0.477934,-0.86641,-0.144612
58.446569,144.794979,239.987034/-0.790867,0.142268,-0.595223/-0.313296,0.741374,0.593473/0.525715,0.655839,-0.541756
243.713348,254.524193,65.886411/0.014509,0.995052,-0.098288/0.790274,0.04881,0.610806/0.612582,-0.086537,-0.785656
183.341959,111.085406,600.460054/-0.119644,0.991983,-0.04069/0.627883,0.107349,0.770869/0.769056,0.066682,-0.635693
182.858469,254.524193,143.54271/-0.071344,-0.971443,-0.226293/-0.615736,0.221377,-0.756215/0.784716,0.085385,-0.613946
58.446569,153.642175,575.923677/0.432509,-0.420394,0.797624/-0.079736,0.863348,0.49827/-0.898097,-0.279106,0.339885
58.446569,202.117821,76.894148/0.554145,-0.627208,0.547296/-0.455427,-0.778785,-0.43137/0.696785,-0.010211,-0.717208
133.384325,254.524193,384.549132/-0.364556,-0.910626,-0.194576/0.378264,0.046119,-0.924548/0.850891,-0.410651,0.327644
155.906516,6.454696,322.867113/-0.071285,-0.106569,0.991747/-0.46584,-0.875624,-0.127575/0.881993,-0.471089,0.012775
234.541579,254.524193,529.429885/0.249278,-0.934776,0.253088/0.66835,0.355182,0.65357/-0.700834,0.006231,0.713297
147.668985,6.454696,517.056224/-0.259406,0.793369,-0.550703/0.748853,-0.194845,-0.633447/-0.609859,-0.576716,-0.543572
58.446569,133.570591,391.38148/0.613758,-0.632184,-0.47291/-0.728671,-0.684157,-0.031114/-0.303875,0.363692,-0.880561
249.728028,114.288688,219.594684/-0.109543,-0.69333,0.712246/0.852207,-0.434328,-0.291724/0.51161,0.575024,0.638438
158.184904,200.488771,600.460054/-0.34402,0.880941,-0.324951/0.542923,0.468983,0.696628/0.766084,0.063231,-0.639623
249.728028,245.389625,328.338902/0.284934,0.958535,-0.004797/0.804747,-0.236494,0.544475/0.520763,-0.159,-0.838764
77.361542,6.454696,112.578267/0.906315,0.077748,0.415389/0.298253,-0.814042,-0.498379/0.299396,0.575579,-0.760967
58.446569,104.96453,311.251397/-0.408634,-0.909734,0.073508/-0.45645,0.273442,0.846689/-0.790362,0.312433,-0.526986
249.728028,54.984262,155.389724/-0.403,-0.397769,-0.82424/-0.40083,-0.732928,0.549683/-0.822756,0.551902,0.135932
156.274886,117.922228,0.0/-0.690847,-0.608708,-0.390135/0.447423,-0.783809,0.430647/-0.567929,0.122956,0.813842
249.728028,159.923068,496.627495/-0.794205,-0.594832,-0.124148/-0.229634,0.104645,0.967635/-0.562589,0.79701,-0.219703
162.951794,254.524193,473.602826/-0.846771,-0.476219,0.237052/0.531956,-0.757316,0.378807/-0.000872,0.446864,0.894601
164.906949,20.425788,600.460054/-0.693955,0.268546,-0.668064/0.205486,0.963121,0.173703/0.690074,-0.016736,-0.723545
58.446569,126.13462,478.381002/0.909581,0.389791,0.143963/0.308451,-0.865523,0.394623/0.278424,-0.314536,-0.907495
67.897494,6.454696,554.306736/0.310915,0.229743,0.922253/-0.326773,0.937031,-0.123261/-0.892497,-0.263044,0.36641
249.728028,190.989259,186.1328/0.864733,0.217811,0.452544/-0.10397,0.959181,-0.262988/-0.491353,0.180364,0.85208
249.728028,36.531453,378.860082/0.387497,-0.558589,0.733366/-0.133356,0.753186,0.644148/-0.912174,-0.347404,0.217366
136.104761,254.524193,243.317017/-0.673677,-0.68266,0.283081/0.737206,-0.593892,0.322211/-0.051841,0.425755,0.903352
249.728028,108.0989,44.566614/-0.05412,-0.812136,0.580953/0.952864,-0.215946,-0.213112/0.29853,0.542036,0.785542
118.610066,254.524193,88.691259/0.950623,0.257386,-0.173403/0.154372,0.092554,0.983668/0.269232,-0.961866,0.04825
249.728028,15.068881,454.648027/-0.055128,0.010987,-0.998419/-0.574215,-0.81839,0.0227/-0.816846,0.574558,0.051425
133.805135,6.454696,81.129349/-0.720923,-0.691909,-0.039144/-0.202324,0.264159,-0.943019/0.662823,-0.671924,-0.330428
191.84547,243.727871,0.0/0.930505,-0.364281,0.038194/0.328007,0.782332,-0.529498/0.163006,0.505229,0.847451
249.728028,184.94471,398.09931/0.98831,0.128485,0.082065/-0.084875,0.91085,-0.403917/-0.126646,0.39223,0.911107
89.908222,254.524193,497.341052/0.631499,-0.712097,-0.306801/-0.060887,-0.44,0.895931/-0.772982,-0.5471,-0.321217
249.728028,68.270527,518.708136/0.101806,-0.776752,-0.621524/-0.984968,-0.166346,0.046554/-0.139549,0.607442,-0.782011
158.810821,254.524193,549.982372/0.643808,-0.668689,-0.371976/-0.019506,-0.500308,0.865628/-0.764939,-0.550042,-0.335145
142.567296,188.419268,0.0/-0.926704,0.358,-0.114264/-0.16917,-0.668931,-0.723818/-0.335561,-0.651435,0.680464
189.114913,6.454696,242.636896/-0.800393,0.583451,0.137681/-0.28515,-0.572565,0.768673/0.527314,0.575981,0.624648
126.750495,143.430327,600.460054/-0.254884,0.590504,-0.765728/-0.408712,0.65188,0.638754/0.876349,0.475771,0.075192
178.422861,254.524193,343.370759/-0.892952,-0.139102,-0.42812/0.031027,-0.967815,0.249742/-0.449081,0.209724,0.868529
249.728028,99.117555,579.426346/-0.073741,0.686415,0.723462/0.994916,0.000742,0.100706/0.068589,0.72721,-0.68298
177.733465,254.524193,80.688997/0.413397,0.403924,-0.816056/0.704596,-0.709586,0.005709/-0.576756,-0.57735,-0.577944
58.446569,174.263594,145.57455/0.207085,-0.53927,-0.816274/0.732463,0.638575,-0.236051/0.648548,-0.549008,0.527235
239.818814,254.524193,126.512316/-0.252833,-0.898294,-0.359365/0.46696,0.21201,-0.858487/0.847363,-0.384863,0.365864
245.94355,6.454696,64.513496/-0.325565,-0.264308,-0.907826/-0.328465,0.931953,-0.153538/0.886633,0.248203,-0.390227
58.446569,83.071384,78.806377/0.204582,-0.360105,0.910204/-0.384936,0.825354,0.413056/-0.899983,-0.434874,0.030235
58.446569,197.011745,213.193465/-0.014772,0.74278,0.669373/-0.997463,-0.057568,0.041868/0.069633,-0.667056,0.741746
234.298773,6.454696,205.877439/-0.115823,0.9253,-0.361117/0.956975,0.201337,0.208956/0.266053,-0.321378,-0.908808
138.117299,65.026018,0.0/0.07545,-0.457791,-0.885852/-0.405382,0.797575,-0.446699/0.911028,0.392812,-0.125403
78.392953,6.454696,385.447087/0.60525,-0.143303,-0.783031/-0.789897,0.013811,-0.613085/0.098671,0.989583,-0.104836
235.034576,253.653445,600.460054/0.936608,0.335844,0.099867/-0.138047,0.091741,0.986168/0.322037,-0.937439,0.132288
249.728028,184.07089,279.382502/-0.514421,-0.522781,0.679758/0.005888,0.790514,0.612416/-0.857517,0.319042,-0.403579
249.728028,218.397942,485.144533/-0.29847,0.64809,-0.700638/-0.368176,0.599097,0.711006/0.880546,0.470172,0.059799
58.446569,164.535257,340.844052/0.49406,0.668947,-0.55535/-0.172275,-0.550766,-0.816687/-0.852189,0.499166,-0.156869
80.493947,254.524193,272.549897/-0.012836,-0.748261,0.66328/0.871396,-0.333705,-0.359597/0.490412,0.573364,0.656316
157.974748,6.454696,151.082087/-0.24439,-0.17552,-0.953659/-0.345024,0.934859,-0.083642/0.906218,0.308594,-0.289029
58.446569,91.531434,543.864628/-0.858362,0.049416,-0.510659/-0.132561,-0.982913,0.127706/-0.495623,0.177312,0.850246
144.656266,6.454696,23.181421/-0.340564,-0.018385,-0.940042/0.739729,0.611902,-0.27996/0.58036,-0.79072,-0.194792
249.728028,253.04164,193.572311/0.827251,-0.56182,0.003763/0.284363,0.424467,0.859631/-0.484555,-0.710061,0.510901
247.587786,71.344266,0.0/-0.793944,0.027528,0.607367/-0.574045,-0.363067,-0.733931/0.200311,-0.931356,0.304057
58.446569,199.653497,386.32094/0.275625,-0.842668,0.462538/0.932958,0.118592,-0.339891/0.231562,0.525211,0.81886
65.110069,6.454696,264.835542/0.430318,0.611753,-0.663766/-0.221698,-0.641183,-0.734666/-0.87503,0.463295,-0.140288
58.446569,57.386727,227.589911/0.342298,0.644397,-0.683801/0.852254,-0.519345,-0.062795/-0.395594,-0.561278,-0.726961
58.446569,175.731445,517.498312/0.764804,0.104586,-0.635717/-0.022567,0.990479,0.135801/0.643867,-0.089514,0.759883
58.446569,167.88134,35.974646/0.367132,-0.906953,0.206517/0.22555,0.302197,0.926177/-0.902409,-0.29345,0.315509
97.345204,6.454696,451.969021/-0.490053,0.785024,-0.378927/0.863373,0.377202,-0.33512/-0.120145,-0.491382,-0.862618
188.121892,6.454696,554.225656/-0.600143,-0.20814,-0.772338/-0.600475,0.755123,0.263096/0.528449,0.621665,-0.578164
220.240166,6.454696,312.947355/-0.617025,0.763598,0.190259/-0.139214,-0.343873,0.928639/0.774532,0.546507,0.318482
249.728028,236.811253,379.797072/0.02503,0.792263,0.609666/0.831387,0.322159,-0.45278/-0.55513,0.518201,-0.650613
220.298274,57.128605,600.460054/0.743698,0.633258,0.214237/-0.562732,0.42,0.711992/0.360896,-0.650065,0.668707
81.349791,254.524193,370.208017/0.133127,-0.810901,-0.56984/-0.963095,-0.241556,0.118741/-0.233936,0.533002,-0.813132
249.728028,174.007206,67.059718/-0.792856,-0.152981,0.589895/0.597424,-0.00409,0.801915/-0.120265,0.988221,0.094638
58.446569,248.438147,23.017269/-0.093467,0.785233,-0.612105/0.869576,-0.235025,-0.434283/-0.484873,-0.572863,-0.660852
63.137442,57.972856,0.0/-0.417727,-0.420503,-0.805408/-0.733721,0.678951,0.026066/0.535872,0.601833,-0.592147
249.728028,71.839503,330.248695/-0.049449,0.494078,0.86801/0.9213,-0.313044,0.230672/0.385695,0.811104,-0.439714
249.728028,101.639482,285.417595/0.059798,0.985855,-0.15657/-0.856462,-0.029896,-0.515343/-0.512734,0.164913,0.84256
249.728028,166.788886,235.702121/0.634463,-0.155435,-0.757164/0.360574,-0.806941,0.467796/-0.683698,-0.569813,-0.455928
58.446569,79.11059,395.987679/-0.712227,0.004205,0.701936/-0.628947,-0.447865,-0.635486/0.311701,-0.894091,0.321626
184.045752,252.958353,600.460054/0.472226,0.735746,-0.485469/-0.077172,-0.514122,-0.854238/-0.878093,0.440858,-0.186003
180.437908,254.524193,424.779444/-0.762236,0.629573,-0.150446/0.578624,0.558522,-0.594347/-0.290157,-0.540084,-0.790011
249.728028,102.164843,374.64422/-0.169446,-0.724831,-0.667764/0.692013,0.394927,-0.604277/0.701717,-0.564494,0.434673
60.697403,211.010345,600.460054/-0.526271,-0.625845,0.575635/-0.238456,-0.541178,-0.80639/0.816197,-0.561644,0.13557
58.446569,45.948465,508.28394/0.322504,0.262946,-0.909313/0.866105,0.305612,0.395553/0.381907,-0.915129,-0.129178
211.086825,6.454696,488.765829/-0.438149,0.815836,-0.37741/0.686764,0.032917,-0.726134/-0.579983,-0.577346,-0.574709
78.836514,19.711889,600.460054/0.989023,-0.022093,0.146104/0.077491,0.919436,-0.38553/-0.125815,0.39262,0.911055
249.728028,115.215092,169.704482/-0.619913,0.581858,-0.526449/0.530396,0.805156,0.265338/0.578263,-0.11474,-0.807742
101.073422,254.524193,427.906746/0.30748,0.297693,-0.903789/0.732007,0.532846,0.424548/0.607965,-0.79212,-0.054074
193.062703,160.033732,600.460054/-0.433102,-0.255843,0.864272/0.852062,0.196507,0.485154/-0.293959,0.946535,0.132886
143.262821,254.524193,42.921422/0.649287,-0.702953,-0.290316/-0.085902,-0.447062,0.890369/-0.755676,-0.553166,-0.350657
58.446569,140.85322,100.583333/-0.916486,-0.316112,0.245207/-0.014217,-0.586794,-0.809611/0.399814,-0.745484,0.533294
140.080535,254.524193,184.072381/-0.430546,0.834448,-0.343987/-0.302004,0.225962,0.92614/0.850543,0.502631,0.15472
75.375204,254.524193,123.243267/-0.108675,0.023863,0.993791/-0.994074,-0.005273,-0.108579/0.002649,-0.999701,0.024295
205.952346,210.578133,600.460054/-0.011146,-0.900954,0.433772/0.999407,0.004098,0.034191/-0.032582,0.433896,0.900374
136.459452,6.454696,265.939659/-0.31248,-0.947617,0.066166/0.836524,-0.241505,0.491836/-0.450093,0.209038,0.86817
58.446569,29.196369,186.717062/-0.130794,-0.737462,0.662603/0.898782,-0.37028,-0.234699/0.41843,0.564839,0.711248
249.728028,69.560775,227.273054/-0.722949,-0.344328,-0.598985/0.689985,-0.404438,-0.600291/-0.035555,-0.847271,0.52997
212.558384,9.735464,600.460054/0.132983,-0.807228,0.575064/0.887853,-0.160846,-0.431099/0.440492,0.567901,0.69531
87.070306,6.454696,503.637658/-0.565326,0.020035,0.824624/0.460694,-0.821587,0.335792/0.684228,0.569731,0.455234
249.728028,247.872528,10.296658/0.931636,-0.300187,0.204797/-0.069825,-0.700944,-0.709791/0.356622,0.646967,-0.673985
122.302877,6.454696,361.210098/0.236899,0.891025,-0.387237/0.968444,-0.184811,0.167216/0.077428,-0.414631,-0.90669
249.728028,87.526959,108.036094/0.428806,-0.833658,0.348053/-0.298063,0.233141,0.925637/-0.85281,-0.50066,-0.14851
58.446569,130.964479,185.769304/0.710257,0.186163,0.67888/0.12466,-0.982418,0.138977/0.692816,-0.01408,-0.720977
118.179119,254.524193,313.224557/0.156517,-0.920563,0.357864/0.939464,0.250581,0.233703/-0.304812,0.299622,0.904056
249.728028,121.026224,534.362305/0.333837,-0.893934,0.299056/0.512925,0.438447,0.738019/-0.790861,-0.092985,0.604891
89.04642,200.027582,0.0/0.666277,-0.587646,-0.459072/0.039007,-0.587315,0.808418/-0.744683,-0.556538,-0.368392
224.27016,125.948986,600.460054/-0.458581,0.807829,-0.370291/0.776781,0.161997,-0.608579/-0.431642,-0.566718,-0.701794
58.949195,254.524193,407.121731/-0.441543,-0.455008,-0.773309/-0.356067,0.879963,-0.314455/0.823563,0.136504,-0.550555
210.195603,101.601666,0.0/-0.13718,0.235399,-0.962169/-0.41733,0.867199,0.271664/0.898341,0.438809,-0.020723
238.302628,6.454696,151.027007/-0.567217,-0.746403,-0.348062/-0.744898,0.284704,0.603382/-0.351272,0.60152,-0.717483
159.039235,6.454696,460.541313/0.944926,-0.151033,-0.290351/0.042593,-0.82286,0.566645/-0.3245,-0.547805,-0.771109
249.728028,196.666635,443.691068/-0.581893,0.702647,-0.409497/0.780066,0.62462,-0.036698/0.229995,-0.340789,-0.911573
58.446569,192.293145,279.614528/0.606173,0.769926,0.199418/0.618392,-0.613935,0.490586/0.500145,-0.174061,-0.848267
204.504545,6.454696,376.892028/0.716017,0.674317,-0.180602/-0.547654,0.70303,0.453678/0.432891,-0.225934,0.872674
58.446569,33.540958,77.161204/0.054462,-0.732336,0.678762/0.814096,-0.361041,-0.454859/0.57817,0.57735,0.576529
249.728028,7.218633,2.701659/0.098221,-0.800879,0.590716/0.893284,-0.190677,-0.407046/0.43863,0.567657,0.696684
249.728028,70.734867,405.337144/-0.432227,0.783636,-0.4462/0.419146,0.612692,0.670018/0.798434,0.102577,-0.59328
129.928358,6.454696,420.441637/0.917988,0.380181,0.112959/-0.308731,0.86378,-0.398207/-0.248963,0.330675,0.910314
125.209856,230.797574,600.460054/-0.087759,0.800912,-0.592315/0.898114,-0.193604,-0.394853/-0.430917,-0.566619,-0.70232
249.728028,60.377393,472.045871/0.981913,-0.141215,-0.126113/-0.182123,-0.886536,-0.425306/-0.051745,0.440582,-0.89622
103.513879,6.454696,302.76064/-0.239544,-0.244884,0.939495/0.929311,0.222305,0.294893/-0.281068,0.943723,0.174322
129.339456,6.454696,570.240013/0.680713,0.48045,0.55299/-0.622775,-0.017932,0.782196/0.385722,-0.876839,0.287006
58.446569,248.19,65.876719/0.956386,0.109857,-0.270661/0.271708,0.005607,0.962363/0.10724,-0.993932,-0.024487
58.446569,121.901882,45.594534/0.491721,0.816279,-0.303149/0.864261,-0.415092,0.284168/0.106125,-0.401731,-0.909588
204.452211,6.454696,54.369408/-0.411755,0.837072,-0.360234/-0.056227,0.37121,0.926845/0.909558,0.401888,-0.105781
58.446569,139.05383,432.434115/-0.384198,-0.53125,-0.755093/-0.396399,0.833561,-0.384765/0.833822,0.151491,-0.53084
150.268678,6.454696,208.88394/-0.473549,0.848048,-0.237835/-0.310069,0.092228,0.94623/0.824384,0.521831,0.219279
249.728028,48.829925,53.512699/0.517108,0.571587,-0.637092/-0.038577,0.759144,0.649778/0.85505,-0.311429,0.41461
223.558537,6.454696,416.968493/-0.088443,-0.989772,-0.111932/-0.687423,0.141973,-0.712246/0.720852,0.013952,-0.692948
139.1284,72.021301,600.460054/0.522777,0.361256,-0.772139/0.670721,-0.733357,0.111001/-0.526153,-0.575919,-0.625684
249.728028,145.7034,17.986999/-0.60492,-0.405456,0.68533/0.561686,0.392789,0.728166/-0.564429,0.825423,-0.009867
58.446569,232.771511,538.383155/-0.882404,0.382777,0.273578/-0.104932,-0.726935,0.678642/0.458642,0.570129,0.681616
249.728028,173.271084,546.338066/0.33714,-0.498,0.798957/-0.233177,0.77803,0.58335/-0.912121,-0.382969,0.146183
200.156071,254.524193,291.565135/-0.448319,-0.540145,0.712218/-0.335948,-0.636547,-0.694224/0.828342,-0.550501,0.103916
249.728028,40.130383,109.723008/0.272672,0.881693,-0.385056/0.959496,-0.219738,0.176302/0.070833,-0.417532,-0.905897
187.155361,254.524193,195.713662/-0.236434,-0.183733,-0.954118/-0.523207,-0.803365,0.284356/-0.818751,0.566433,0.093812
249.728028,237.23109,263.829353/0.317097,0.419038,-0.850798/-0.388437,-0.761014,-0.51959/-0.865197,0.495242,-0.078545
249.728028,208.762151,101.353732/-0.574367,0.771299,-0.274227/-0.702943,-0.29305,0.648069/0.419493,0.564995,0.710497
70.830638,112.89491,600.460054/-0.916699,0.044111,-0.397135/-0.142026,-0.964956,0.220655/-0.373485,0.258677,0.89084
58.446569,78.826154,269.894523/-0.614262,0.206293,0.76166/0.343767,-0.798858,0.493609/0.710286,0.565039,0.419792
108.817932,254.524193,556.344311/0.300124,-0.883073,0.360704/0.819689,0.432153,0.375971/-0.487889,0.182828,0.853544
249.728028,24.46222,517.566701/-0.571896,0.122029,0.811199/0.407139,-0.816261,0.409824/0.71216,0.564647,0.417134
154.47162,254.524193,287.683886/0.771006,0.162518,-0.615741/-0.06726,0.982262,0.175036/0.633266,-0.093539,0.768261
191.07932,60.269529,0.0/0.416305,-0.821846,0.388921/-0.368307,0.238654,0.898551/-0.831288,-0.517313,-0.203338
116.304323,25.38244,600.460054/-0.851328,0.150939,-0.502453/-0.235748,0.745521,0.623395/0.468683,0.649166,-0.599099
113.395881,16.706774,0.0/-0.463264,-0.38191,-0.799707/-0.419356,-0.700489,0.577457/-0.780722,0.602877,0.164356
171.498652,162.574445,0.0/0.365457,-0.780104,0.507817/-0.395846,0.363516,0.843305/-0.842465,-0.509208,-0.175952
58.446569,212.919886,118.280989/-0.342576,0.715531,-0.608817/-0.322997,0.518825,0.791513/0.882221,0.467799,0.053377
58.446569,245.558349,233.063987/0.800293,-0.582734,0.141248/0.549332,0.618132,-0.562269/0.240344,0.527573,0.814802
114.965343,6.454696,167.277706/0.935805,-0.325075,0.136362/0.351234,0.826832,-0.439299/0.030057,0.458994,0.887931
102.243056,150.544292,0.0/-0.11162,0.492793,0.862958/-0.399405,0.772913,-0.493033/-0.909954,-0.399702,0.110551
90.413271,162.924444,600.460054/0.449282,0.419605,0.788719/-0.339634,0.896775,-0.283624/-0.826314,-0.140449,0.545417
58.446569,46.548972,122.054101/0.242252,-0.858519,0.451949/0.964488,0.162568,-0.208168/0.105244,0.486329,0.867414
249.728028,184.631491,330.536243/-0.530177,-0.327836,-0.781944/0.826974,-0.403498,-0.39154/-0.187152,-0.854233,0.485037
58.446569,19.865969,418.126024/-0.885879,-0.279962,0.369919/0.348581,0.124467,0.928977/-0.306122,0.951908,-0.012673
58.446569,83.205008,344.976669/-0.610765,-0.704757,0.360947/-0.088869,-0.391957,-0.915681/0.786809,-0.591343,0.176763
58.446569,221.771852,182.029077/0.808198,0.565267,-0.165195/-0.443922,0.769085,0.459828/0.386975,-0.298299,0.872507
124.0459,6.454696,123.27908/-0.594143,0.760269,-0.262651/0.698913,0.326329,-0.63642/-0.39814,-0.561694,-0.725248
149.529696,243.311195,0.0/0.481039,0.350078,-0.803771/0.681314,0.427705,0.594036/0.551736,-0.833375,-0.03277
249.728028,145.658518,382.170479/-0.800606,-0.317447,-0.508191/-0.54971,0.051642,0.833757/-0.23843,0.946869,-0.215849
209.95978,254.524193,49.650511/-0.682926,0.26693,-0.679971/-0.190552,-0.963714,-0.186936/-0.705197,0.001906,0.709009
249.728028,147.14822,188.660089/0.035248,-0.594003,-0.80369/-0.801439,-0.49723,0.332351/-0.597036,0.632394,-0.493584
58.446569,98.355439,450.548538/-0.079055,0.711202,-0.698529/0.766977,-0.404217,-0.498352/-0.636786,-0.575153,-0.51352
191.683012,198.355161,0.0/-0.30142,0.92117,-0.246155/0.520785,0.375303,0.766766/0.798705,0.102925,-0.592855
204.759211,254.524193,390.205453/-0.720551,-0.686341,-0.098703/0.152795,-0.296007,0.942886/-0.676358,0.664316,0.318157
206.302217,254.524193,562.812897/-0.578362,0.812755,0.070193/-0.194532,-0.220967,0.955684/0.792247,0.539076,0.285906
58.446569,56.449865,556.905137/0.071722,-0.181154,0.980836/0.909935,0.414629,0.010042/-0.408502,0.891777,0.194576
249.728028,201.422667,0.343627/-0.716957,-0.690316,0.097142/0.075756,-0.215674,-0.973522/0.692989,-0.690614,0.206925
249.728028,206.054185,147.649051/0.421846,-0.627056,-0.654864/0.795332,-0.090852,0.599326/-0.435307,-0.773658,0.460393
58.446569,84.106879,496.52078/-0.866616,-0.415106,-0.276882/0.072163,0.444801,-0.892717/0.49373,-0.793624,-0.355517
216.338822,137.059957,0.0/0.515434,0.331111,-0.790376/0.706701,0.357414,0.610597/0.484667,-0.873282,-0.049773
249.728028,227.164852,572.206761/0.735956,0.646185,-0.202024/-0.407424,0.18439,-0.894431/-0.540717,0.740571,0.398974
126.325959,6.454696,484.767241/-0.07351,0.532136,-0.843462/0.715243,0.61752,0.327255/0.694999,-0.579224,-0.426001
120.474784,104.542845,0.0/0.686863,0.036043,-0.725893/0.439859,-0.815701,0.375707/-0.57857,-0.577349,-0.576129
239.192298,6.454696,105.712483/-0.243761,0.824206,-0.511141/0.874924,-0.040507,-0.482563/-0.418436,-0.56484,-0.711244
249.728028,31.196552,339.692766/0.159545,-0.642498,-0.749494/0.966144,-0.054313,0.252223/-0.20276,-0.76436,0.61208
108.030384,254.524193,213.180394/-0.67629,0.616403,0.403335/-0.009488,-0.55478,0.831943/0.736574,0.558808,0.381041
80.163399,254.524193,462.307435/0.628883,-0.629992,-0.455649/-0.773486,-0.447464,-0.448883/0.078906,0.634732,-0.768693
58.446569,89.33021,22.174865/0.675178,0.694485,0.248645/0.546404,-0.697305,0.463906/0.495557,-0.177359,-0.850275
249.728028,140.3097,283.032707/0.543245,-0.753576,0.370146/0.838829,0.468588,-0.277113/0.035379,0.461029,0.886679
58.446569,40.081282,357.16983/-0.115261,0.859012,0.498811/-0.698674,-0.427058,0.574001/0.706095,-0.282346,0.649392
210.769371,254.524193,451.831396/0.334215,0.518157,-0.787283/0.770194,-0.631607,-0.088737/-0.543233,-0.576703,-0.610173
249.728028,218.960969,529.66095/-0.721606,0.317385,-0.615265/-0.290851,-0.94547,-0.1466/-0.628243,0.073163,0.774569
130.729643,254.524193,450.900901/-0.455844,-0.776958,-0.434214/-0.831399,0.197518,0.519386/-0.317776,0.597764,-0.736
183.459614,6.454696,344.576702/0.204862,-0.021379,0.978557/0.741461,0.656038,-0.140893/-0.638958,0.754425,0.150249
58.446569,77.508912,586.968142/0.483222,0.308954,0.819173/-0.284552,0.940289,-0.186779/-0.827965,-0.142842,0.542282
220.564332,254.524193,170.862126/-0.027468,0.562352,-0.826441/-0.804952,-0.502648,-0.315273/-0.592704,0.656586,0.466473
182.115226,62.865117,600.460054/0.284741,0.948889,0.136135/-0.580201,0.057547,0.812438/0.763079,-0.31032,0.566932
139.79855,108.781702,600.460054/-0.919557,0.314907,-0.235052/0.381919,0.856993,-0.345979/0.092487,-0.407918,-0.908322
237.937572,6.454696,263.436885/0.65783,0.480375,0.580086/-0.650161,-0.026608,0.759331/0.380198,-0.87666,0.294817
231.016286,254.524193,354.887656/0.004696,-0.922553,-0.385841/0.505696,-0.330681,0.79682/-0.862699,-0.19886,0.464978
58.446569,80.365223,197.825231/-0.165976,0.097328,-0.981315/-0.379306,0.912259,0.154633/0.910263,0.397884,-0.114496
58.446569,158.33888,295.680393/0.095461,0.994415,-0.045008/0.791312,-0.048378,0.609496/0.603914,-0.093798,-0.791511
249.728028,254.05382,493.814816/0.205732,-0.859267,-0.468332/-0.355597,0.380216,-0.853807/0.911716,0.342193,-0.22733
115.932459,254.524193,516.346102/-0.921793,-0.365337,-0.129714/-0.29001,0.871859,-0.394658/0.257276,-0.326175,-0.909626
148.449616,254.524193,108.295895/-0.571941,0.818061,0.060497/-0.193768,-0.206398,0.95909/0.797081,0.536821,0.276561
58.446569,10.781077,476.688808/-0.594625,0.790867,0.144742/-0.152039,-0.287387,0.945671/0.789496,0.540313,0.29113
105.035225,6.454696,247.428243/0.54619,0.134245,0.826834/0.622548,0.595368,-0.507908/-0.560455,0.792158,0.24161
164.00706,36.215862,0.0/-0.205666,-0.86777,-0.452412/0.516082,0.296613,-0.803542/0.831481,-0.398743,0.386837
191.421453,6.454696,165.945786/0.121643,-0.316419,0.940788/-0.448955,0.827788,0.336463/-0.885236,-0.4633,-0.041363
113.154601,254.524193,150.312403/0.543076,-0.782011,0.305822/0.736097,0.26814,-0.6215/0.404017,0.562637,0.721256
181.285903,254.524193,514.76669/0.542313,-0.651091,-0.531015/0.726148,0.045309,0.686043/-0.422617,-0.757646,0.497361
58.446569,196.038919,480.859401/-0.903091,-0.304309,0.303023/0.411403,-0.815439,0.407193/0.123184,0.492397,0.861609
58.446569,208.956552,41.215543/-0.668753,0.476235,0.570938/0.134493,-0.677763,0.722875/0.731219,0.560212,0.389206
59.108603,158.347298,0.0/-0.252278,0.462364,-0.850044/-0.355318,0.772829,0.525817/0.900058,0.434688,-0.030681
103.082787,102.825533,600.460054/0.046601,0.898159,0.437194/-0.716686,-0.274816,0.640966/0.695837,-0.3432,0.630892
165.299388,6.454696,290.393502/0.088067,0.111465,0.989858/-0.402846,0.912816,-0.066949/-0.911021,-0.392864,0.125292
58.446569,235.974582,486.370649/0.231315,-0.152817,0.960802/-0.337187,0.913781,0.226517/-0.912578,-0.376367,0.159844
60.377216,254.524193,564.794761/0.820464,0.500061,0.277089/0.040935,0.432046,-0.900922/-0.570231,0.750516,0.334008
249.728028,205.307886,362.820529/-0.60815,0.767216,0.203796/-0.119618,-0.342365,0.931922/0.784758,0.54237,0.299982
95.04143,196.799141,600.460054/0.486512,-0.735088,0.472178/0.572747,0.676464,0.462987/-0.659748,0.04519,0.750127
102.364967,49.032655,0.0/-0.205938,-0.967363,-0.14764/0.708576,-0.25147,0.659305/-0.674914,0.031162,0.737238
249.728028,216.884117,206.168681/0.078614,-0.882096,0.464463/0.995278,0.042838,-0.087102/0.056936,0.469117,0.881299
225.294735,157.899264,600.460054/0.25769,0.152251,0.954157/-0.336749,0.939744,-0.059005/-0.905647,-0.306107,0.293433
58.446569,190.254494,567.650027/-0.501904,0.791391,-0.348987/-0.796929,-0.266319,0.542198/0.336149,0.550249,0.764349
246.913224,111.526935,0.0/0.442983,-0.604666,0.661925/0.031355,0.748317,0.6626/-0.895982,-0.272765,0.350451
163.03979,6.454696,53.98421/-0.400049,-0.526736,0.750006/-0.317067,-0.688268,-0.652499/0.859901,-0.498834,0.10833
249.728028,222.574995,300.158936/-0.414751,0.75329,0.510427/-0.859507,-0.508471,0.052005/0.298712,-0.417146,0.858347
59.983381,24.184485,0.0/-0.505012,-0.755016,0.418227/0.862145,-0.464202,0.203031/0.04085,0.463106,0.885361
249.728028,33.522336,209.539371/-0.608002,0.408506,0.680776/-0.324427,-0.910448,0.256577/0.724624,-0.064863,0.686085
151.807859,6.454696,548.236695/-0.79938,-0.047432,0.598951/0.374145,-0.819302,0.434465/0.470114,0.571397,0.67268
249.728028,132.818186,469.926429/0.048257,-0.939779,0.338358/0.957924,0.139502,0.250841/-0.282937,0.312016,0.906969
249.728028,74.064666,440.705282/-0.370905,-0.301037,0.878525/0.770276,0.42871,0.472105/-0.518754,0.851813,0.072871
249.728028,67.492914,363.036177/-0.162481,0.672419,0.722117/0.97763,0.010645,0.210061/0.133562,0.740095,-0.659106
162.224552,148.465973,600.460054/-0.768359,-0.639948,-0.009553/0.577978,-0.700211,0.419101/-0.274892,0.316498,0.907889
58.446569,129.39974,133.163843/-0.656764,0.479571,-0.581956/0.410099,0.874772,0.258056/0.632835,-0.069178,-0.77119
249.728028,66.266482,192.686609/-0.113999,0.984857,-0.130614/-0.713834,-0.172638,-0.678702/-0.690974,0.015866,0.722706
143.934419,6.454696,387.851034/-0.048691,0.980912,0.188257/-0.556713,0.129835,-0.820496/-0.829277,-0.144756,0.539764
249.728028,221.012568,418.446683/0.665241,0.031109,0.74598/0.669213,-0.467882,-0.577271/0.331072,0.883244,-0.332073
153.786605,254.524193,583.809972/0.654045,-0.691347,-0.307026/-0.07571,-0.463662,0.882772/-0.752657,-0.554127,-0.355597
249.728028,132.628187,86.76575/0.011657,0.86237,-0.506144/0.989423,-0.083141,-0.118869/-0.144591,-0.499404,-0.854218
58.446569,132.614765,343.156792/0.990441,0.038677,0.132404/0.098807,-0.868714,-0.485359/0.096249,0.493802,-0.864231
249.728028,53.319222,572.180784/0.092367,0.9211,0.378209/0.555173,-0.362955,0.748363/0.82659,0.140847,-0.544895
58.446569,234.357345,149.831083/-0.834708,-0.115392,0.538467/-0.392871,-0.560408,-0.729106/0.385894,-0.820139,0.422443
236.845542,254.524193,293.651434/-0.055286,-0.765501,0.641055/0.906244,-0.307976,-0.289606/0.419124,0.564941,0.710758
58.446569,54.211814,303.377983/-0.95106,-0.253728,-0.176374/-0.173169,0.910359,-0.375845/0.255926,-0.326909,-0.909743
82.330406,254.524193,37.553598/-0.045222,-0.994883,0.090351/-0.800881,-0.017955,-0.598555/0.597114,-0.099428,-0.79597
249.728028,173.543253,159.485011/0.833839,-0.442743,-0.329684/-0.544432,-0.758219,-0.358745/-0.09114,0.478626,-0.873276
103.277998,6.454696,546.889174/-0.986743,-0.115221,0.114289/-0.051793,-0.443824,-0.894616/0.153802,-0.888675,0.431973
249.728028,7.297039,392.480942/-0.822684,0.151506,-0.547939/-0.210713,-0.976447,0.046379/-0.528006,0.153613,0.835232
71.192284,6.454696,211.443426/-0.168839,0.456122,-0.873754/0.694294,0.684258,0.223039/0.699607,-0.568984,-0.432212
58.446569,174.591637,432.231374/-0.49867,-0.130739,-0.856876/-0.207349,0.977851,-0.028528/0.841626,0.163446,-0.514733
92.311547,6.454696,415.12762/0.297697,0.953157,-0.053551/0.830817,-0.23104,0.506324/0.470234,-0.195222,-0.860679
194.83275,6.454696,461.556562/-0.228243,-0.973232,0.026927/-0.813517,0.175446,-0.554444/0.534878,-0.148454,-0.831785
58.446569,247.256685,345.334476/-0.967569,0.20443,0.148387/-0.088805,-0.825206,0.557808/0.236482,0.52654,0.816598
58.446569,226.744108,261.797334/0.833064,0.546848,0.083435/-0.137793,0.351212,-0.926101/-0.535739,0.760005,0.367935
164.746715,254.524193,260.241814/0.155678,-0.166976,0.973593/0.909966,0.407737,-0.075575/-0.384351,0.897702,0.215419
67.276047,226.842719,0.0/0.990203,0.139017,-0.013138/0.006953,0.044878,0.998968/0.139463,-0.989273,0.043472
249.728028,227.769725,41.432129/-0.059977,-0.636727,-0.768753/0.992866,-0.117562,0.01991/-0.103054,-0.762074,0.639236
249.728028,28.422413,240.434713/0.930569,-0.099296,-0.352393/-0.366093,-0.263001,-0.89264/-0.004044,0.959672,-0.281092
216.417651,254.524193,323.224675/0.311681,-0.78636,-0.533378/-0.583048,-0.601515,0.546108/-0.750273,0.140773,-0.645967
247.354784,211.379239,600.460054/-0.725176,0.292656,-0.623276/-0.267584,-0.953813,-0.136525/-0.634444,0.067774,0.769992
117.640388,254.524193,280.638675/0.427078,0.84345,0.325878/-0.800577,0.185182,0.569898/0.420334,-0.504282,0.754334
58.446569,182.243846,177.120986/-0.620641,0.26976,0.73623/0.305444,-0.781604,0.543874/0.722156,0.562427,0.402699
58.446569,15.54542,135.110399/-0.527333,0.700309,-0.481131/-0.610243,-0.706183,-0.35904/-0.591205,0.104273,0.799752
154.477267,6.454696,121.419808/0.523997,0.580741,-0.623031/0.790618,-0.603719,0.102206/-0.31678,-0.546136,-0.775491
216.182603,93.72169,600.460054/0.444898,0.802887,-0.396786/0.505785,0.140376,0.851162/0.739086,-0.579368,-0.343635
140.048057,254.524193,340.233771/-0.201338,0.526612,-0.82592/-0.449469,0.699507,0.555579/0.870311,0.483084,0.095858
116.556859,219.910326,0.0/-0.99009,0.054093,-0.1296/0.023347,-0.846598,-0.531721/-0.138482,-0.529478,0.836945
63.422437,242.543674,600.460054/0.011063,-0.075629,0.997075/-0.621666,-0.781529,-0.052382/0.783204,-0.619268,-0.055662
249.728028,166.254183,450.738838/-0.122971,-0.706083,-0.69737/-0.991452,0.056536,0.117586/-0.043599,0.705868,-0.707
249.728028,92.665884,484.885773/0.687372,0.702756,-0.18345/-0.39069,0.144834,-0.909057/-0.612276,0.696532,0.374115
243.959843,22.016861,600.460054/0.525007,0.802253,-0.284181/0.8433,-0.445247,0.300998/0.114946,-0.397676,-0.910297
249.728028,194.907953,247.130261/-0.409394,0.035178,-0.911679/-0.213479,0.967823,0.133209/0.88703,0.249159,-0.388712
67.43566,254.524193,302.0965/-0.170579,0.789401,-0.589702/-0.826563,0.211143,0.521739/0.536373,0.576423,0.616474
58.446569,117.364356,519.990627/0.742996,-0.617562,0.258019/0.661548,0.619144,-0.423101/0.10154,0.485054,0.868569
84.711637,6.454696,339.484851/0.586949,-0.134357,-0.798398/-0.805546,0.001944,-0.59253/0.081163,0.990931,-0.10709
184.744348,133.312296,0.0/-0.301004,-0.867657,-0.395686/-0.591704,0.495327,-0.636033/0.747853,0.042681,-0.662491
58.446569,202.680993,11.629211/-0.992336,-0.117404,0.03855/0.122366,-0.890167,0.438896/-0.017212,0.440249,0.897711
58.446569,39.343544,581.820816/-0.443633,-0.514313,0.733943/-0.373314,-0.638462,-0.673055/0.814755,-0.57258,0.091243
222.451145,6.454696,533.085248/0.786364,0.239573,0.569418/0.612289,-0.424692,-0.666887/0.082059,0.873065,-0.48065
249.728028,239.865952,164.490066/-0.509517,-0.135467,-0.84973/0.203007,-0.978577,0.034281/-0.83617,-0.155034,0.526103
165.641196,254.524193,395.43382/0.593506,-0.140481,-0.792474/0.388599,-0.812249,0.43502/-0.704799,-0.566141,-0.427484
137.075416,174.528875,600.460054/-0.326573,0.821632,-0.467195/0.827342,0.009497,-0.561618/-0.457006,-0.569939,-0.682872
249.728028,129.720793,250.156748/0.464829,0.75831,-0.457056/-0.233272,0.602863,0.762981/0.854119,-0.248037,0.45712
95.881718,254.524193,243.489881/0.390486,0.373304,-0.841525/0.600833,0.589235,0.540187/0.69751,-0.716552,0.005795
58.446569,10.482224,35.265928/-0.877947,-0.257956,0.403321/-0.166547,-0.625256,-0.762441/0.448855,-0.736555,0.50598
249.728028,79.572001,48.647382/0.753093,0.608741,0.24957/0.476128,-0.766062,0.431799/0.45404,-0.206358,-0.866755
58.446569,164.446816,216.819599/0.028972,-0.067254,0.997315/-0.44802,0.89103,0.073102/-0.893554,-0.448935,-0.004316
58.446569,162.661744,400.256906/0.527435,-0.724012,0.444543/0.729409,0.654181,0.200023/-0.43563,0.218755,0.87314
217.308641,212.667233,0.0/-0.292631,-0.911445,-0.289196/-0.645499,0.411418,-0.64348/0.705478,-0.001626,-0.70873
249.728028,242.45969,232.5784/0.194667,0.979423,0.053251/0.760481,-0.184993,0.622452/0.619495,-0.080675,-0.780844
140.839921,254.524193,421.251009/-0.991997,-0.107307,-0.066537/-0.070812,0.909128,-0.410454/0.104535,-0.402458,-0.90945
249.728028,98.171686,245.731511/-0.8204,0.008437,-0.571727/0.354245,-0.777382,-0.519795/-0.448836,-0.628972,0.634776
62.727583,175.336199,600.460054/-0.572636,-0.818631,-0.043945/-0.450889,0.269724,0.850851/-0.68468,0.507043,-0.523566
87.869033,6.454696,148.660361/0.618059,0.727065,-0.298964/-0.037207,-0.352817,-0.934952/-0.785251,0.588979,-0.19101
249.728028,84.727631,143.107186/-0.242933,-0.924388,-0.294094/-0.637453,0.380652,-0.669894/0.731189,0.024731,-0.681726
58.446569,75.891456,427.035289/-0.703677,0.06132,0.707869/0.37466,-0.814484,0.442996/0.603713,0.576936,0.550159
221.505617,254.524193,97.319796/0.21544,-0.909201,0.356284/0.904987,0.322963,0.276935/-0.366856,0.26277,0.892395
58.446569,148.541687,65.683623/-0.632866,0.593366,-0.497391/-0.586809,-0.786674,-0.19183/-0.50511,0.170471,0.846052
112.426584,6.454696,332.491797/-0.895494,-0.44343,0.038223/0.234496,-0.543058,-0.806287/0.37829,-0.713062,0.590288
249.728028,163.826551,95.824548/-0.540522,-0.555363,0.631988/0.773041,-0.62429,0.112563/0.33203,0.549395,0.76676
58.446569,150.229545,542.27668/0.544556,-0.525176,-0.653949/-0.405829,-0.847332,0.342537/-0.734004,0.078861,-0.674551
200.695466,6.454696,203.066572/-0.099831,0.573225,0.813294/0.947927,-0.193654,0.252848/0.302436,0.796186,-0.524043
85.608164,6.454696,73.980669/-0.461643,0.845669,-0.267824/-0.314493,0.126281,0.940823/0.829446,0.518553,0.20766
58.446569,42.754567,261.463471/0.021234,-0.086839,0.995996/-0.666491,-0.743792,-0.05064/0.745211,-0.662747,-0.073671
177.528438,6.454696,486.334869/-0.61008,0.739782,-0.28377/0.739557,0.403135,-0.539015/-0.284356,-0.538706,-0.793056
249.728028,39.796849,410.874372/-0.256877,-0.535197,0.804723/0.769885,-0.616654,-0.164362/0.584202,0.577323,0.570444
118.170278,6.454696,42.607845/-0.321217,0.358017,-0.876723/-0.716689,-0.697044,-0.022061/-0.619013,0.621251,0.480489
231.402724,39.694551,0.0/-0.645318,0.524252,0.55563/0.122409,-0.646983,0.752615/0.754043,0.55369,0.353337
181.070643,6.454696,28.166421/0.495176,0.26078,0.828731/0.826384,-0.435764,-0.35665/0.268124,0.861454,-0.431284
215.809309,6.454696,563.317023/0.357259,-0.816196,0.454082/-0.756388,0.032388,0.653321/-0.547945,-0.576867,-0.605789
101.027506,254.524193,392.194572/0.020354,0.987462,0.156542/-0.623157,0.13497,-0.770362/-0.781832,-0.08187,0.618091
156.325226,212.849813,0.0/0.690613,0.290105,0.66249/0.714625,-0.414575,-0.563417/0.111202,0.862535,-0.493627
58.446569,128.677786,215.870483/0.678395,0.033774,0.73392/-0.430539,-0.791173,0.434375/0.595329,-0.610659,-0.522187
197.178225,6.454696,271.618455/-0.694685,0.068425,0.716052/-0.701881,-0.282312,-0.65396/0.157403,-0.956879,0.244144
210.93556,6.454696,133.766494/0.308618,-0.647871,0.696433/-0.344976,0.606085,0.716696/-0.886424,-0.461437,-0.036451
249.728028,21.253978,27.776301/-0.113808,-0.700512,-0.704507/0.993043,-0.058638,-0.102113/0.030221,-0.711227,0.702312
58.446569,237.229545,94.942532/0.724782,0.035421,-0.688067/-0.007016,0.999005,0.044038/0.688942,-0.02709,0.72431
78.8419,254.524193,531.414076/0.216548,0.894067,-0.392111/0.973385,-0.166865,0.157091/0.07502,-0.415693,-0.906406
249.728028,139.657477,577.864524/0.622989,0.31699,-0.715123/0.667495,0.261223,0.697289/0.407841,-0.911745,-0.04885
58.446569,103.275091,245.123029/-0.210494,-0.898717,-0.384707/-0.878227,0.000977,0.478243/-0.429429,0.438528,-0.789483
245.162276,84.45199,600.460054/0.555592,-0.617311,0.556996/-0.434148,-0.786717,-0.438854/0.709107,0.002005,-0.705098
249.728028,183.78731,38.858524/0.576677,-0.647483,0.498206/0.591803,0.75148,0.29163/-0.563217,0.126663,0.816544
134.615184,6.454696,301.196474/-0.905585,-0.33846,0.255655/-0.196287,0.868704,0.45478/-0.376014,0.36166,-0.853121
206.882376,254.524193,537.903289/0.040704,0.961296,-0.272495/0.933157,0.060911,0.354272/0.357158,-0.268701,-0.89456
186.31946,254.524193,35.000038/-0.932139,-0.08902,0.350987/0.258369,-0.842636,0.472452/0.253696,0.531075,0.808454
58.446569,234.214407,381.531557/0.856943,-0.438308,-0.271174/-0.128841,-0.691597,0.710699/-0.499048,-0.57409,-0.649131
249.728028,55.591688,257.635666/0.893865,-0.020253,0.447879/0.258921,-0.792226,-0.552573/0.366012,0.609891,-0.702899
58.446569,56.856693,34.13201/0.102906,-0.812678,-0.573555/-0.967408,-0.215893,0.132331/-0.231369,0.541244,-0.808408
249.728028,163.862923,420.881877/0.807118,0.590152,0.016758/-0.392569,0.51526,0.761838/0.440965,-0.621472,0.647551
